1.58145773e-02 -7.49783162e-04 5.03258159e-04 -2.63103191e-04 1.55070632e-03 4.55993509e-04 -3.48079402e-03 -1.49949793e-03 -3.77181963e-03 -2.88639157e-03 2.74973564e-04 3.55448181e-04 -2.05664630e-03 -1.02214286e-03 -2.17908214e-04 -3.06420713e-05 -3.27117736e-04 -6.24775341e-05 3.44855506e-04 -4.10949138e-04 -1.43160765e-04 -5.07031865e-04 9.52926981e-05 -3.99307280e-04 1.21033091e-03 -1.13152907e-03 -4.89593055e-04 -8.51497650e-05 7.37629637e-04 5.13113797e-04 -5.05558310e-04 -9.92634351e-04 7.50033772e-04 -4.35542688e-03 -1.53964756e-03 -1.34631670e-03 -1.87171424e-03 -4.58690044e-04 2.20258273e-04 -5.78330039e-04 2.43861770e-04 -1.10526494e-03 -3.46339814e-03 7.49080177e-05 -8.57202858e-04 9.66468508e-04 -2.67465731e-03 6.39931191e-06 -2.87702306e-03 9.66528809e-04 3.94343650e-04 -1.09842535e-05 2.00420136e-03 1.42948549e-03 1.11930530e-03 1.20822323e-03 -9.40886142e-04 1.94868749e-03 9.74553305e-04 2.08243577e-04 -4.17528901e-04 3.36722764e-04 -1.78928698e-03 6.98647002e-04 2.38644742e-03 -1.34639676e-04 1.34888003e-03 8.16248675e-04 5.33065767e-04 -1.12318359e-03 7.15317235e-04 -1.27920006e-03 -1.34349447e-03 -3.98636883e-04 -2.70176407e-03 -1.10333455e-04 -1.64692888e-04 8.80951484e-05 2.95010338e-04 -1.09607082e-03 -3.71991302e-03 -1.59307802e-03 -2.30549004e-04 2.42957971e-04 9.29613801e-05 6.77635998e-05 6.44655436e-04 7.11266525e-04 -2.03512386e-03 -2.99928486e-03 2.97824344e-03 -5.00906070e-04
-7.49783162e-04 2.27326922e-02 -2.70998199e-04 1.98832753e-04 -1.00761802e-03 1.68470922e-04 4.79080045e-04 1.51353038e-03 2.74137610e-03 7.21517273e-04 6.68512962e-05 1.07659173e-04 -1.88001606e-04 5.44448769e-04 -6.75111013e-06 8.24607979e-05 3.15208770e-04 -1.33896459e-04 6.56480288e-05 2.60219359e-05 2.73308072e-04 -6.39982468e-05 -2.79672254e-04 9.26260434e-05 -1.59664544e-04 3.67858897e-04 3.51523224e-04 -8.03362472e-05 -3.42520982e-04 -4.44325473e-04 2.42419400e-04 7.56862318e-04 7.04082759e-05 1.30743459e-03 5.08193833e-04 4.04580832e-04 2.89755647e-04 5.80898298e-04 1.73541013e-03 3.76517826e-04 9.82278507e-05 6.94140214e-04 7.01831862e-05 -5.48979617e-04 3.37914565e-04 -2.14166720e-04 1.11620088e-03 -1.50885648e-04 1.31500968e-03 -6.37397207e-04 1.79733893e-05 3.79602389e-04 -7.52843365e-04 -3.03611781e-04 3.25684788e-04 -3.26303786e-04 -4.01918749e-04 4.55958878e-04 2.91955722e-04 2.70568753e-05 8.22386931e-05 -1.55624617e-04 6.78400877e-04 -1.77009935e-04 4.98732889e-05 3.44436240e-04 3.67069168e-05 -3.48874410e-04 -2.57532612e-04 1.33995963e-03 -2.97178347e-06 -9.78118147e-06 6.22433393e-04 -4.85536795e-04 5.85178809e-04 -2.54025210e-04 -2.38008306e-05 -2.42089316e-04 -7.27401065e-04 -7.66163003e-05 2.93691670e-04 -4.08119525e-04 -4.70538048e-04 2.61047657e-04 1.99476773e-03 -4.47127883e-05 7.90665358e-04 7.67366592e-04 8.45717187e-04 2.78713227e-04 -9.71637676e-05 -8.06678393e-05
5.03258159e-04 -2.70998199e-04 1.80394005e-02 8.83895171e-05 4.36769805e-04 -8.18633230e-05 -7.50992510e-04 -2.22291768e-04 -1.22897686e-03 -6.33857711e-04 7.60270122e-05 1.01078239e-04 -4.94804626e-04 -2.48967052e-04 -2.51289568e-04 9.39434427e-05 -7.89130427e-06 1.31796259e-04 -1.56805960e-05 6.58898423e-05 7.73086854e-05 -9.30791733e-05 -3.93008022e-05 5.50033406e-05 2.93208510e-04 -6.11876494e-04 -3.75803157e-04 1.96281888e-04 2.43862993e-04 3.95912285e-04 3.21034791e-05 -2.85810682e-04 2.37830732e-04 -6.35400424e-04 -4.26392329e-04 -2.70196130e-04 -4.46335086e-05 1.83710280e-04 -2.06442376e-04 1.69166652e-04 1.87107615e-04 -3.30648222e-04 -6.84233436e-04 -1.07938857e-05 -3.50250302e-04 2.38894783e-04 -3.57694856e-04 1.80911883e-04 -3.45528244e-04 4.49008392e-04 2.22793733e-04 -8.52336130e-05 7.61221294e-04 7.89879722e-04 3.11969603e-04 1.88058462e-04 -1.17397605e-04 6.66210327e-04 1.67117040e-04 3.11178212e-04 5.29086293e-04 2.41402881e-04 -5.96487201e-04 1.89542137e-04 5.54438565e-04 -1.42008204e-04 2.20839389e-04 4.49344773e-04 1.26470546e-04 -5.14876426e-04 1.41852437e-04 -2.96749971e-04 -1.05585770e-03 -3.43659709e-04 -9.50164229e-04 -5.75759397e-05 9.09544336e-05 -3.50807623e-05 1.35372656e-04 -3.25362478e-04 -1.98166089e-03 4.99165502e-04 1.35651727e-04 1.07750373e-04 -2.52891841e-04 8.72530047e-05 3.09969706e-04 1.43844995e-04 -3.90373407e-04 -2.69361476e-04 1.00600263e-03 -1.43268951e-04
-2.63103191e-04 1.98832753e-04 8.83895171e-05 2.90165018e-02 -3.43360751e-05 -6.80772486e-05 -1.36729419e-04 4.91429150e-04 5.90845294e-05 -2.71458612e-04 1.40203564e-04 6.14009814e-05 -3.96079722e-04 4.81574627e-05 -5.06603313e-04 1.36733291e-04 8.40577977e-05 -3.21692725e-05 4.98671157e-06 5.23601150e-05 -1.44579112e-04 -1.83921718e-04 -2.01350943e-04 2.79566892e-05 1.82417691e-04 -5.92927271e-04 -4.48827407e-04 1.16569514e-04 -1.97082480e-05 9.89771020e-05 9.91441497e-05 -1.53959437e-04 1.58769793e-04 -2.60816292e-04 -2.81219723e-04 8.45987308e-05 1.89200107e-04 4.37741254e-04 5.84638192e-04 3.94440820e-04 2.54627615e-04 -5.61135747e-05 -2.63445762e-04 -2.18522721e-04 -1.66847355e-04 -2.53866687e-06 -1.60455758e-04 1.85585517e-04 2.86118605e-04 1.23263054e-04 3.26681670e-04 -1.93479363e-04 2.02801555e-04 3.86172321e-04 2.42955489e-04 6.69942996e-05 -1.54447148e-04 4.73498746e-04 1.08234250e-04 2.71159922e-04 7.52231233e-04 3.53442613e-05 -6.27349445e-04 1.26795442e-04 3.95815897e-04 -1.74032051e-05 3.97990161e-04 1.52469146e-04 8.52016415e-05 7.41684542e-05 -2.04972299e-04 -1.59634796e-04 -7.50145617e-04 -1.29519261e-04 -8.99141384e-04 -2.08737998e-04 1.13197887e-04 -8.03772654e-05 -1.64206060e-04 -1.61587963e-04 -2.64692422e-03 7.49881434e-04 1.78991381e-04 -1.73866166e-04 1.94206706e-05 8.17690713e-05 7.35565057e-04 2.77639567e-04 1.02926181e-04 -5.68989786e-05 8.92450077e-04 -1.16690348e-04
1.55070632e-03 -1.00761802e-03 4.36769805e-04 -3.43360751e-05 5.26416816e-02 1.43005566e-04 -1.10218494e-03 -1.83059288e-03 -2.02892320e-03 -1.86982723e-03 3.15775940e-04 2.43505604e-04 -1.22930718e-03 -5.66174029e-04 -5.37011851e-04 4.36255130e-05 -6.18968965e-04 1.90778720e-04 2.56608290e-04 7.85270129e-05 1.70720879e-05 -3.17939064e-04 4.78101096e-04 -5.53153854e-04 3.59381607e-04 -8.03588120e-04 -8.45233455e-04 1.66233963e-04 8.31733514e-04 4.87555325e-04 -4.59652474e-04 -1.02511039e-03 1.23869662e-04 -2.55692423e-03 -1.11269222e-03 -6.88604820e-04 -3.75077878e-04 -2.80811342e-05 -9.72900241e-05 -1.03311690e-05 4.73296380e-04 -8.01527558e-04 -2.14272713e-03 3.15485419e-04 -7.04975429e-04 5.39041423e-04 -9.07628552e-04 3.33480726e-04 -1.22753488e-03 7.31673852e-04 1.17358260e-03 -5.61788478e-04 1.14968475e-03 1.37383490e-03 -1.03195234e-05 9.31371025e-04 -8.66997680e-05 7.79833277e-04 1.81151983e-04 4.38945715e-04 4.74026825e-04 7.57223691e-04 -1.57932298e-03 5.73680616e-04 8.47690877e-04 -2.56944564e-04 1.74727736e-04 5.30564654e-04 4.73573290e-04 -1.40980448e-03 3.96115205e-04 -6.15074007e-04 -1.34845113e-03 1.50550621e-04 -2.09236589e-03 2.98581673e-04 4.46866964e-04 1.51211235e-04 1.03276537e-03 1.46519589e-04 -3.53127593e-03 3.51282180e-04 -3.34288325e-04 8.45586942e-04 -6.98335106e-04 1.89812049e-04 6.07676441e-04 2.87893558e-04 -2.01724745e-03 -1.49053504e-03 1.99025357e-03 -2.10081645e-04
4.55993509e-04 1.68470922e-04 -8.18633230e-05 -6.80772486e-05 1.43005566e-04 2.27048624e-02 -5.52825808e-05 -2.78317797e-04 2.57660522e-04 -4.64881779e-04 1.90771729e-05 4.11743931e-05 -2.28051091e-04 5.54846248e-05 9.86783299e-05 -3.71866228e-05 -8.88983844e-05 -1.79723869e-05 2.06080870e-04 -1.10448057e-04 -1.37089937e-04 -1.15761218e-04 6.16753408e-05 -1.99642487e-04 1.44098592e-04 5.07260579e-05 7.81069157e-05 -1.26385184e-04 6.75820225e-05 -2.10738631e-04 -1.55035810e-04 -9.93941460e-05 -3.85315596e-05 -7.21228713e-04 -1.48662199e-04 -1.77426493e-04 -3.67914449e-04 -1.20354703e-04 4.57769117e-04 -1.86871211e-04 6.06299320e-05 -1.23461111e-04 -4.05015758e-04 -5.57730706e-05 2.10848431e-04 -8.87345773e-06 -3.63957807e-04 1.55560973e-05 -2.70119665e-04 -2.99826450e-05 1.80299408e-04 -7.04481002e-05 -2.39277979e-05 2.47442484e-05 -2.46635068e-05 2.32906517e-04 -1.18944213e-04 5.25439499e-05 1.51084681e-04 -7.52133135e-05 -4.20475425e-04 -2.22593890e-06 -1.95360397e-04 1.23815189e-04 2.89594497e-04 2.21903762e-04 1.03092845e-04 -1.24800509e-04 8.71771533e-05 1.08163137e-04 1.62295961e-04 -1.11729077e-04 1.77566812e-04 1.77274328e-04 -1.52054975e-04 -1.66644420e-05 1.79974782e-05 3.23278482e-05 1.25542782e-04 2.86438434e-05 -2.84617539e-04 -7.66732415e-04 -2.40786321e-04 8.35541240e-05 3.19996359e-04 -7.68588929e-05 1.42125256e-04 1.10299948e-04 -3.87849700e-04 -6.83477116e-04 4.27724898e-04 -7.63728064e-05
-3.48079402e-03 4.79080045e-04 -7.50992510e-04 -1.36729419e-04 -1.10218494e-03 -5.52825808e-05 6.65184319e-02 3.45106495e-04 4.96620200e-03 3.61249275e-03 -1.31787294e-03 -3.24383737e-04 4.25796445e-03 1.23076890e-03 1.89840512e-03 -1.55930211e-04 3.70621522e-04 1.22372445e-04 -3.75908727e-04 3.31986733e-04 5.71431148e-04 1.35620545e-03 9.72027252e-04 3.11891221e-04 -1.51663945e-03 2.67792866e-03 2.24414930e-03 -2.12534511e-04 -7.18186324e-04 -9.78423624e-04 5.97536309e-04 1.81802761e-03 -1.11455065e-03 5.75557242e-03 2.82488944e-03 1.52412281e-03 1.74763115e-03 -6.21073336e-04 -1.65996521e-03 -1.77404985e-04 -8.99152608e-04 1.92348218e-03 4.62946490e-03 9.29238552e-04 1.56161315e-03 -1.02245023e-03 3.76157814e-03 -3.53167103e-04 2.84093581e-03 -1.07899375e-03 -1.63148378e-04 8.44620494e-04 -2.77554387e-03 -2.51243164e-03 -1.77657268e-03 -1.13872376e-03 1.94702908e-03 -3.48233488e-03 -1.10031030e-03 -9.94066983e-04 -1.93176312e-03 -2.06035889e-04 4.21254631e-03 -1.13120285e-03 -3.74590812e-03 4.52254359e-04 -2.67241414e-03 -1.48693173e-03 -8.03473726e-04 1.44080636e-03 -4.18239039e-05 1.95986584e-03 3.49026597e-03 3.84865070e-04 6.23121809e-03 1.15892523e-03 -7.17470044e-05 4.19426246e-04 1.43541025e-04 1.80031806e-03 1.16706587e-02 4.84568801e-05 -1.02828102e-04 2.38510522e-04 1.33499629e-03 2.06370528e-04 -1.80025256e-03 -1.14201150e-03 1.55674747e-03 3.73355872e-03 -6.16635085e-03 1.45092419e-03
-1.49949793e-03 1.51353038e-03 -2.22291768e-04 4.91429150e-04 -1.83059288e-03 -2.78317797e-04 3.45106495e-04 6.57374383e-02 8.77969315e-04 1.70476482e-03 -6.79855596e-05 1.01964139e-03 3.82454796e-05 9.37592630e-04 1.98613476e-04 5.12250884e-05 -2.73612295e-05 -2.83268138e-05 -2.11598827e-04 -3.02874689e-05 4.27369299e-03 6.01512459e-04 -8.22256566e-04 -5.91175148e-04 8.20764843e-04 3.50182900e-03 4.55338594e-03 1.60896731e-04 -1.13504771e-03 2.07663592e-04 2.80599068e-04 4.18416588e-03 -5.23701252e-04 6.47793422e-03 4.23888153e-03 2.10013085e-03 -1.10352619e-03 -4.93599161e-04 5.26865469e-04 -3.32782056e-03 -1.03477729e-03 3.12009066e-03 2.26888701e-03 -7.31476031e-04 -9.12688381e-06 -9.30141071e-04 5.30471659e-03 -1.42636043e-03 3.20053903e-03 -1.81001595e-03 -1.86357470e-03 -8.47087239e-04 -1.94250912e-03 -8.49522045e-04 1.23597540e-03 -1.46697803e-03 -1.29540579e-03 -2.24118669e-04 1.73749702e-03 -3.76095686e-04 -2.81710789e-03 -1.20909682e-04 6.27019719e-03 -8.74301571e-04 -1.21775774e-03 1.87707789e-04 -9.41012318e-04 -1.11212767e-03 -1.31228079e-03 4.52219679e-03 -4.06431093e-04 5.51203744e-04 4.43872908e-03 -3.97403322e-03 7.74653795e-03 4.72008130e-04 -4.40217007e-04 -5.09773720e-04 -2.11325171e-03 -4.73563031e-04 1.13053055e-02 9.07163681e-04 -1.20354893e-03 -4.48672428e-03 1.57100600e-03 -6.50025533e-04 -4.39874495e-03 1.48786910e-03 2.79620554e-03 6.42133987e-04 -5.49646006e-04 -1.14014887e-03
-3.77181963e-03 2.74137610e-03 -1.22897686e-03 5.90845294e-05 -2.02892320e-03 2.57660522e-04 4.96620200e-03 8.77969315e-04 5.47857544e-02 3.62003868e-03 -8.92969185e-04 -4.36116940e-04 2.55583461e-03 1.94979686e-03 9.47310059e-04 -5.69411074e-05 6.65923103e-04 -2.22404909e-04 5.57783690e-05 1.46811847e-04 -3.88046209e-04 4.56135495e-04 9.88574880e-05 2.17746903e-04 -2.09887576e-03 1.63132779e-03 9.38668202e-04 -4.51073644e-04 -9.10615823e-04 -1.32602130e-03 5.82303450e-04 1.51227437e-03 -7.95352371e-04 4.78514540e-03 1.82746982e-03 1.80461819e-03 2.05911462e-03 1.19015179e-03 2.61299514e-03 1.14030207e-03 1.09394173e-04 2.06935773e-03 2.67182323e-03 -3.82766055e-04 1.87252029e-03 -1.26100502e-03 3.81538580e-03 -1.92854234e-04 3.81763357e-03 -1.61996759e-03 7.41815976e-05 9.73575021e-04 -3.19276470e-03 -2.57920478e-03 -1.33641580e-03 -1.18399035e-03 1.18022741e-03 -1.96876237e-03 -8.84900673e-04 -7.12836741e-04 -3.27917941e-04 -5.26273946e-04 2.34299575e-03 -7.82190805e-04 -2.28868392e-03 9.11112516e-04 -2.09404422e-03 -2.07639915e-03 -5.88137301e-04 2.73117742e-03 -3.73588768e-04 1.30313848e-03 2.70333760e-03 8.99686074e-04 3.12303285e-03 6.98927498e-05 1.55824877e-04 -1.42901283e-04 -4.97605857e-04 1.32959648e-03 5.15726462e-03 -2.08323108e-03 -7.04922821e-04 1.87859127e-03 4.20092658e-03 -2.53816945e-05 1.60396973e-03 -4.73704379e-05 1.90380164e-03 2.15176144e-03 -4.44353755e-03 1.25813991e-03
-2.88639157e-03 7.21517273e-04 -6.33857711e-04 -2.71458612e-04 -1.86982723e-03 -4.64881779e-04 3.61249275e-03 1.70476482e-03 3.62003868e-03 3.29069488e-02 -5.01640681e-05 -2.55255854e-04 3.25395960e-03 9.24715693e-04 1.96508005e-03 -3.01105104e-04 3.56525771e-04 1.22808786e-04 -5.81877529e-04 3.11351357e-04 1.58362732e-03 1.29324025e-03 4.14994394e-04 5.47454404e-04 -1.46141914e-03 4.16083654e-03 2.67407533e-03 -1.87976480e-04 -8.26341581e-04 -5.98311912e-04 5.27121549e-04 2.45588756e-03 -8.78550918e-04 6.63123658e-03 3.11913335e-03 1.30766141e-03 1.17337559e-03 -8.41728298e-04 -1.90882129e-03 -7.59820455e-04 -1.29702513e-03 1.96346032e-03 4.21187366e-03 4.79114360e-04 1.04056214e-03 -8.14818793e-04 4.25515497e-03 -9.36568746e-04 2.61566009e-03 -1.50789298e-03 -1.75436619e-03 1.13762667e-03 -2.55468719e-03 -2.49927411e-03 -9.98660004e-04 -1.69152028e-03 9.98539493e-04 -2.63842161e-03 -7.44878292e-04 -9.93789183e-04 -2.18233687e-03 -3.37944580e-04 5.06318760e-03 -1.43158808e-03 -3.47655712e-03 1.30951290e-04 -2.56227741e-03 -1.12878575e-03 -1.23538389e-03 1.66190960e-03 1.54306677e-04 1.66425831e-03 4.84625819e-03 -1.36912734e-04 6.76997098e-03 8.55864764e-04 -3.73324260e-04 5.90706011e-06 -5.86602380e-04 1.95867558e-03 1.47531870e-02 -4.60883172e-04 -4.68498897e-04 -5.77228669e-05 1.41391460e-03 -1.39331582e-04 -3.01842952e-03 -7.40834039e-04 3.25689161e-03 3.70951985e-03 -5.96693560e-03 8.06393150e-04
2.74973564e-04 6.68512962e-05 7.60270122e-05 1.40203564e-04 3.15775940e-04 1.90771729e-05 -1.31787294e-03 -6.79855596e-05 -8.92969185e-04 -5.01640681e-05 5.61308787e-02 -3.30852856e-05 -1.68036095e-03 -2.94292733e-04 -1.16662078e-03 5.99671193e-05 -2.22697532e-04 -7.94976336e-05 1.39910941e-04 4.17606140e-05 -8.16097799e-04 -7.71141164e-04 -4.54262029e-04 -1.25263757e-04 3.32248418e-04 -2.75834441e-04 -1.63640115e-03 -1.26311474e-05 2.87721275e-04 2.54100023e-05 -2.44024593e-04 -1.17520760e-03 2.78848913e-04 -2.50672803e-03 -1.49011281e-03 -4.76162813e-04 -1.86535026e-04 5.59871664e-04 1.25036787e-03 6.35167249e-04 4.50971942e-04 -8.11914789e-04 -1.62506373e-03 -5.29899287e-04 -5.84645999e-04 3.34749266e-04 -1.62835525e-03 2.70087503e-04 -5.75826807e-04 3.35499908e-04 7.74351426e-04 -4.79031594e-04 7.33501807e-04 9.76218546e-04 4.10642099e-04 4.07047867e-04 -7.04232563e-04 1.15158773e-03 1.07075861e-04 4.68581728e-04 1.33306790e-03 -2.26408403e-05 -2.47610327e-03 3.18077995e-04 1.22116759e-03 -9.45115027e-05 1.30385353e-03 5.53126192e-04 2.19368437e-04 -6.54886354e-04 -2.22136692e-04 -6.40160687e-04 -6.06227925e-04 1.06907918e-03 -3.26637578e-03 -6.24780839e-04 2.87017191e-04 -2.62821191e-04 2.51158852e-05 8.91707381e-04 -5.77440358e-03 1.16429739e-03 9.99424886e-05 -3.09351107e-05 -5.20150083e-04 1.09042435e-05 1.59808319e-03 4.20817362e-04 7.50443707e-04 -1.03425099e-03 2.32711672e-03 -5.56185444e-04
3.55448181e-04 1.07659173e-04 1.01078239e-04 6.14009814e-05 2.43505604e-04 4.11743931e-05 -3.24383737e-04 1.01964139e-03 -4.36116940e-04 -2.55255854e-04 -3.30852856e-05 4.45185386e-02 -2.71853833e-04 -9.65704700e-06 1.38314863e-04 3.54959306e-05 -1.16463445e-04 -4.64121868e-06 -1.27222997e-05 -9.59185099e-06 1.03502263e-03 1.43921140e-04 1.44432438e-04 -2.45444987e-04 3.54188353e-04 6.19688760e-04 8.43011164e-04 5.68576282e-05 -2.79246051e-05 5.76691098e-05 -3.67464081e-05 7.45543364e-04 -2.04908720e-05 7.96477398e-04 6.36486696e-04 1.16479288e-04 -3.24976373e-04 -3.04584524e-04 -2.74852131e-05 -4.44823299e-04 -1.93886441e-04 3.84548074e-04 -1.76935039e-04 1.00909626e-05 -1.38695696e-04 -4.69884628e-05 8.76284864e-04 -2.65472770e-04 2.79616368e-04 -2.71793179e-04 -1.25899158e-04 -8.36215119e-05 -1.26073122e-04 1.65813866e-04 3.67310634e-04 1.38288732e-05 -3.83966052e-04 2.45554911e-04 4.93138085e-04 9.88002474e-07 -6.59558652e-04 2.84453974e-04 1.15335664e-03 -7.42810336e-05 -2.11656550e-05 -2.83808045e-05 -2.03258999e-04 -3.96353503e-05 -1.84894218e-04 5.14710223e-04 2.41032602e-04 -9.03124793e-05 7.34566579e-04 -8.83117037e-04 1.36069262e-03 2.96954809e-04 -7.82561258e-05 -2.00110052e-05 -2.37011553e-04 -2.00547145e-04 2.31430042e-03 -1.81243072e-04 -4.94248112e-04 -3.19227896e-04 4.14810255e-04 1.50053513e-05 -9.20382573e-04 6.74974688e-04 -1.76440870e-04 -1.77363122e-04 4.25168286e-04 -2.75278596e-04
-2.05664630e-03 -1.88001606e-04 -4.94804626e-04 -3.96079722e-04 -1.22930718e-03 -2.28051091e-04 4.25796445e-03 3.82454796e-05 2.55583461e-03 3.25395960e-03 -1.68036095e-03 -2.71853833e-04 2.23828806e-02 1.00575905e-03 2.58365863e-03 -3.12894359e-04 4.46839339e-04 7.13408532e-05 -5.58675669e-04 -5.17703571e-05 1.48686969e-03 1.62743846e-03 9.25823801e-04 3.86016063e-04 -1.00357459e-03 3.21003412e-03 3.34954407e-03 -2.26159830e-04 -1.04606138e-03 -5.14521230e-04 5.99059709e-04 2.48023699e-03 -9.94465790e-04 6.31806581e-03 3.41057948e-03 1.15997052e-03 7.05206831e-04 -1.55510580e-03 -3.13666349e-03 -1.38970138e-03 -1.47746223e-03 1.57805822e-03 5.09178507e-03 9.82573682e-04 1.52573660e-03 -1.21850274e-03 3.60944711e-03 -8.86444299e-04 1.98407018e-03 -1.26485713e-03 -1.57735319e-03 1.04205037e-03 -2.54854083e-03 -2.79709851e-03 -1.51127652e-03 -1.29980352e-03 1.89269531e-03 -3.75834613e-03 -8.30811066e-04 -1.39132666e-03 -3.21041703e-03 -2.05863527e-04 5.50931582e-03 -1.29186858e-03 -3.83894969e-03 2.79673512e-04 -3.17096608e-03 -1.46686546e-03 -9.89700157e-04 1.43854156e-03 1.74534487e-04 1.89383504e-03 3.90953375e-03 -8.19934711e-04 7.51473465e-03 1.21943108e-03 -6.91411973e-04 3.31693089e-04 -2.15971618e-04 1.27324851e-03 1.57807528e-02 -1.49128827e-03 -5.31181379e-05 -1.14357885e-04 8.68993819e-04 -6.76892026e-05 -3.65519184e-03 -1.16952802e-03 1.65742549e-03 3.46610221e-03 -5.81765501e-03 1.37970487e-03
-1.02214286e-03 5.44448769e-04 -2.48967052e-04 4.81574627e-05 -5.66174029e-04 5.54846248e-05 1.23076890e-03 9.37592630e-04 1.94979686e-03 9.24715693e-04 -2.94292733e-04 -9.65704700e-06 1.00575905e-03 2.61440848e-02 3.67738749e-04 -2.32714023e-05 1.36044587e-04 -6.77207781e-05 -4.80462712e-05 -8.66646639e-05 5.53597958e-04 2.30655603e-04 -6.10891418e-05 -8.85726668e-05 -1.62828744e-04 9.50571922e-04 1.03947003e-03 -8.27708512e-05 -5.04532862e-04 -2.20265650e-04 1.81604737e-04 9.79616059e-04 -3.24041483e-04 2.10925428e-03 1.11442507e-03 5.99903407e-04 1.29843567e-04 -6.05386152e-05 2.90092477e-04 -4.85061846e-04 -2.34837257e-04 6.42969475e-04 1.42804647e-03 -1.90190546e-04 6.03044590e-04 -6.86467097e-04 1.46999607e-03 -2.84796554e-04 1.28319121e-03 -6.58430577e-04 -3.00949042e-04 -1.86688350e-05 -1.07295387e-03 -7.76879861e-04 -3.50147341e-04 -4.70382949e-04 2.88231058e-04 -9.13156798e-04 -2.90489185e-05 -3.44926938e-04 -7.86914723e-04 -1.02784094e-04 1.54895576e-03 -2.98218871e-04 -9.04919034e-04 2.86944167e-04 -9.06427967e-04 -7.42176417e-04 -3.12488213e-04 1.15845333e-03 -1.80553380e-04 4.73059555e-04 1.19996688e-03 -5.19678395e-04 1.95416645e-03 9.12862711e-05 -1.21188320e-04 -1.20727688e-04 -3.49507302e-04 4.29477661e-04 3.36194630e-03 -6.18548612e-04 -2.34805366e-04 -2.83687229e-04 8.89146385e-04 -1.69003307e-04 -5.54152373e-04 6.50163701e-05 8.81563953e-04 5.90036157e-04 -7.66139847e-04 1.91912122e-04
-2.17908214e-04 -6.75111013e-06 -2.51289568e-04 -5.06603313e-04 -5.37011851e-04 9.86783299e-05 1.89840512e-03 1.98613476e-04 9.47310059e-04 1.96508005e-03 -1.16662078e-03 1.38314863e-04 2.58365863e-03 3.67738749e-04 2.22344355e-02 -3.71736293e-04 2.65825385e-05 2.49096352e-04 -2.50441879e-04 1.96295668e-06 2.16514916e-03 1.36711533e-03 1.03025325e-03 9.43307567e-05 -4.90815733e-04 3.34666630e-03 3.41647806e-03 -2.23027215e-04 -3.83836607e-04 -5.32383041e-04 1.93990965e-04 2.39007748e-03 -7.63091247e-04 4.76430922e-03 2.93871313e-03 4.35135942e-04 -8.58157333e-05 -1.85067379e-03 -2.44605340e-03 -1.45236651e-03 -1.39016263e-03 1.42975068e-03 2.63066796e-03 8.56493880e-04 9.62760436e-04 -3.81319950e-04 3.30629568e-03 -9.70822185e-04 8.09322336e-04 -1.00688786e-03 -1.12304569e-03 1.18010403e-03 -1.61259594e-03 -1.60863526e-03 -6.88582381e-04 -8.58355507e-04 6.51514858e-04 -2.06522901e-03 -6.26695527e-05 -1.05619759e-03 -3.49828143e-03 1.53064553e-04 5.30882904e-03 -1.01790609e-03 -2.49695904e-03 1.86101227e-04 -2.43791167e-03 -7.81706220e-04 -9.14645191e-04 9.90105064e-04 1.02716698e-03 1.12678479e-03 3.98505201e-03 -1.13313440e-03 6.96262924e-03 1.28582829e-03 -5.84070425e-04 2.56005199e-04 -3.59870980e-05 3.23882982e-04 1.53633861e-02 -2.10576622e-03 -1.08380502e-03 3.19448589e-04 1.37970841e-03 -1.34348153e-04 -3.84714518e-03 -3.10036949e-04 3.54175737e-04 1.88178651e-03 -4.30080154e-03 5.34184666e-04
-3.06420713e-05 8.24607979e-05 9.39434427e-05 1.36733291e-04 4.36255130e-05 -3.71866228e-05 -1.55930211e-04 5.12250884e-05 -5.69411074e-05 -3.01105104e-04 5.99671193e-05 3.54959306e-05 -3.12894359e-04 -2.32714023e-05 -3.71736293e-04 1.71589071e-02 8.67628558e-05 -5.11187557e-05 -1.00255333e-05 3.84920798e-05 -1.94763851e-04 -1.19906926e-04 -8.55625349e-05 2.81040299e-05 1.20635175e-04 -5.64009247e-04 -4.53000976e-04 9.21067477e-05 3.66347752e-05 1.05369354e-04 6.29717407e-05 -2.07392849e-04 1.91664452e-04 -3.95386734e-04 -3.44687948e-04 -8.28703741e-06 1.29259280e-04 3.35343492e-04 3.45361460e-04 3.84939948e-04 2.15892594e-04 -1.30195634e-04 -3.30447256e-04 -9.06243009e-05 -1.63257862e-04 2.81861949e-05 -2.79523644e-04 1.51185890e-04 6.88063042e-05 1.33067813e-04 2.06991143e-04 -9.76181701e-05 2.34550665e-04 2.72389059e-04 2.09382580e-04 1.36650439e-04 -9.38225029e-05 4.09083292e-04 6.78316861e-05 2.20466870e-04 6.05816457e-04 7.77085791e-05 -6.21548874e-04 1.38761836e-04 3.53321207e-04 -4.23915329e-05 3.25669299e-04 1.42161660e-04 1.11508852e-04 -7.43914836e-05 -1.17835529e-04 -1.50086421e-04 -6.82018950e-04 -3.37471671e-05 -8.46587954e-04 -1.21147542e-04 9.17357364e-05 -1.12885787e-05 -1.01498462e-04 -1.47501481e-04 -2.21712194e-03 3.82228868e-04 1.72185120e-04 6.75683028e-05 2.14514341e-06 1.08552752e-04 6.30578541e-04 2.29084012e-04 -6.93633740e-05 -8.30111661e-05 6.17669238e-04 -3.96245210e-05
-3.27117736e-04 3.15208770e-04 -7.89130427e-06 8.40577977e-05 -6.18968965e-04 -8.88983844e-05 3.70621522e-04 -2.73612295e-05 6.65923103e-04 3.56525771e-04 -2.22697532e-04 -1.16463445e-04 4.46839339e-04 1.36044587e-04 2.65825385e-05 8.67628558e-05 3.09200795e-02 -7.72628062e-05 -1.09100216e-04 -2.08045735e-05 -3.89123659e-04 7.35040195e-05 -1.16933023e-04 3.32471008e-04 -1.06354787e-04 -4.14199818e-04 -2.43009011e-04 3.27275897e-05 -2.27697389e-04 -1.77700841e-05 2.97353409e-04 5.83580780e-06 2.03335362e-04 3.54401149e-04 -6.86144895e-05 1.00055703e-04 3.16072867e-04 3.53465264e-04 1.05780430e-04 4.60893797e-04 8.06756244e-05 5.32522668e-07 4.23804173e-04 -6.50785330e-05 1.43691809e-04 -1.04713894e-04 -1.39940314e-04 1.01457659e-04 3.00590417e-04 8.35105667e-06 -1.82135902e-04 3.04544592e-04 -4.35124497e-05 -2.28393753e-04 1.01517467e-04 -1.09970045e-04 2.37087217e-04 3.18052765e-05 -1.35506059e-04 1.24605242e-05 4.72422203e-04 -1.42632761e-04 -1.90940434e-04 -7.54394364e-05 1.44595304e-05 5.43765572e-05 7.28641519e-05 -6.50456516e-06 -2.09128365e-05 1.61891853e-04 -1.56672996e-04 8.29183905e-05 -4.82415379e-04 -2.54574346e-05 -2.60462550e-04 -1.79290781e-04 -1.05078083e-04 -2.15096087e-06 -3.34908597e-04 -8.88640221e-05 -9.46228848e-04 -8.30621796e-06 4.26390073e-04 1.53278326e-04 4.26074746e-04 1.08765945e-04 6.56993093e-04 -1.83540624e-05 4.72337030e-04 5.42606360e-04 -3.25793258e-04 2.87101117e-04
-6.24775341e-05 -1.33896459e-04 1.31796259e-04 -3.21692725e-05 1.90778720e-04 -1.79723869e-05 1.22372445e-04 -2.83268138e-05 -2.22404909e-04 1.22808786e-04 -7.94976336e-05 -4.64121868e-06 7.13408532e-05 -6.77207781e-05 2.49096352e-04 -5.11187557e-05 -7.72628062e-05 2.78603927e-02 6.56573148e-05 1.70346440e-04 1.31290126e-04 8.65621036e-05 6.86939090e-05 1.15673065e-04 -1.45283909e-04 6.13036436e-05 1.14979221e-04 9.11403664e-05 2.57401711e-04 1.43398589e-04 2.60774603e-05 -4.10299437e-05 -7.71136312e-05 2.32239303e-04 1.11598332e-04 -2.74073547e-05 1.89905862e-04 -1.36142990e-06 -3.84991461e-04 -6.03821091e-05 2.82326620e-05 1.25176253e-04 -5.64566622e-05 1.20666022e-04 -3.42264787e-06 2.68221316e-04 3.96839488e-04 1.23033486e-04 -9.87672318e-05 3.57296674e-04 3.33997993e-04 9.64843427e-05 3.15777032e-04 3.99812373e-04 -1.46477832e-04 -1.14905263e-04 1.68478562e-04 1.01056315e-04 -9.02648627e-05 1.09402780e-04 6.08849577e-05 7.16072856e-05 2.13017553e-04 -2.00751561e-05 -6.98962093e-05 -1.63152079e-05 -1.97639555e-04 2.19526152e-04 -1.08105333e-05 -3.36314681e-04 2.44126387e-04 6.70009179e-05 -2.03513290e-04 1.44483186e-05 2.15523031e-04 9.46016362e-05 1.47881070e-04 -5.27828046e-06 3.67525785e-04 -1.10478592e-04 5.52218475e-04 5.12990116e-04 -5.91286307e-05 1.30776760e-04 -5.08512554e-05 -3.33074136e-05 -7.63652423e-05 -3.91638854e-04 -1.98035702e-04 1.71718356e-04 -4.33942926e-04 1.87685362e-05
3.44855506e-04 6.56480288e-05 -1.56805960e-05 4.98671157e-06 2.56608290e-04 2.06080870e-04 -3.75908727e-04 -2.11598827e-04 5.57783690e-05 -5.81877529e-04 1.39910941e-04 -1.27222997e-05 -5.58675669e-04 -4.80462712e-05 -2.50441879e-04 -1.00255333e-05 -1.09100216e-04 6.56573148e-05 6.19588572e-02 -2.28523121e-05 -4.56717083e-04 -2.91922907e-04 -1.15381134e-04 -1.16146873e-04 7.48776556e-05 -5.09304110e-04 -4.50189091e-04 -4.34469258e-05 1.94577747e-04 -3.47246686e-05 -1.40839526e-04 -4.77589336e-04 5.50196298e-05 -1.18499601e-03 -5.14988242e-04 -1.47193691e-04 -1.75150083e-04 2.16352157e-04 6.78188688e-04 8.08984196e-05 3.01635050e-04 -2.04103748e-04 -7.75649953e-04 -1.38277661e-04 -3.39352747e-06 2.09548074e-04 -6.12930002e-04 2.14869889e-04 -4.47255638e-04 2.98536087e-04 6.57616173e-04 -1.89682363e-04 3.36457467e-04 3.83615024e-04 -1.03577926e-05 2.38765129e-04 -1.11377403e-04 4.21924840e-04 4.26017288e-05 1.36295528e-04 3.72934898e-04 -3.88426681e-05 -9.09504337e-04 2.39357496e-04 5.86325733e-04 9.82107345e-05 4.67508915e-04 9.98413637e-05 2.27340874e-04 -2.00531787e-04 -1.37871772e-05 -2.33268968e-04 -5.70545483e-04 4.35190822e-04 -1.15357446e-03 -2.02721313e-04 1.54581957e-04 -2.98084003e-05 2.23935772e-04 -1.63135457e-04 -2.46765668e-03 3.71261056e-05 3.42992116e-06 8.60922384e-05 3.25116907e-05 -5.87154279e-05 8.47557889e-04 -1.06434598e-04 -4.36562861e-04 -7.66561982e-04 7.03319832e-04 -1.10588083e-04
-4.10949138e-04 2.60219359e-05 6.58898423e-05 5.23601150e-05 7.85270129e-05 -1.10448057e-04 3.31986733e-04 -3.02874689e-05 1.46811847e-04 3.11351357e-04 4.17606140e-05 -9.59185099e-06 -5.17703571e-05 -8.66646639e-05 1.96295668e-06 3.84920798e-05 -2.08045735e-05 1.70346440e-04 -2.28523121e-05 2.63885445e-02 -1.01556420e-05 8.07850243e-05 1.00036956e-04 1.79208842e-04 -2.73849950e-04 -8.00504776e-05 -2.46084560e-04 1.11519001e-04 2.42494752e-04 4.40081294e-05 5.34324242e-05 -1.15644668e-04 9.37500605e-06 2.72937717e-04 -4.50185204e-05 4.69658380e-05 4.84292391e-04 1.67247984e-04 -1.61381066e-04 3.99090747e-04 7.08365512e-05 1.43720054e-04 -3.14122321e-05 1.39754095e-04 -1.27451291e-04 2.82358543e-04 3.42602806e-04 1.41187290e-04 1.64875331e-04 1.90837644e-04 2.70473563e-04 1.75265909e-04 1.43360293e-04 2.28361941e-04 -5.93795884e-05 -8.42939592e-05 5.99943236e-05 1.81664326e-04 -1.52187577e-04 2.14432759e-04 4.57995367e-04 8.12441991e-05 -5.94770084e-05 -2.36534821e-05 -1.54201962e-04 -9.18623573e-05 4.52341416e-05 2.65114156e-04 -3.92510849e-07 -3.27338036e-04 1.24560984e-04 9.36154000e-05 -2.24917949e-04 1.81676769e-04 -5.91283975e-05 1.02152481e-04 2.13099417e-04 4.44758430e-05 2.17580186e-04 -1.11541508e-05 -2.17959770e-04 8.76103701e-04 5.23369062e-06 3.28134275e-04 -7.36526648e-05 1.06695503e-04 1.95956859e-04 -1.72630865e-04 -5.61518861e-05 5.53079714e-04 -6.26676670e-04 3.17732669e-05
-1.43160765e-04 2.73308072e-04 7.73086854e-05 -1.44579112e-04 1.70720879e-05 -1.37089937e-04 5.71431148e-04 4.27369299e-03 -3.88046209e-04 1.58362732e-03 -8.16097799e-04 1.03502263e-03 1.48686969e-03 5.53597958e-04 2.16514916e-03 -1.94763851e-04 -3.89123659e-04 1.31290126e-04 -4.56717083e-04 -1.01556420e-05 3.39013768e-02 1.52980039e-03 8.28737942e-04 -6.84961833e-04 4.71686294e-04 5.04510329e-03 5.58657191e-03 1.09005262e-04 -7.33471005e-04 1.46233874e-04 6.38326394e-05 4.64608095e-03 -9.18583325e-04 7.64385327e-03 4.79444175e-03 1.10768894e-03 -9.99913609e-04 -2.25193512e-03 -2.38641583e-03 -3.17706740e-03 -1.83825161e-03 2.46762426e-03 2.57659820e-03 4.22434335e-04 3.02179322e-04 -9.90171586e-04 6.23665859e-03 -1.83178486e-03 2.36615309e-03 -2.06152800e-03 -2.49088705e-03 2.47434294e-04 -2.14027616e-03 -1.16319112e-03 3.55698809e-04 -1.18780199e-03 -5.75020858e-04 -1.47105618e-03 1.33149629e-03 -8.76331919e-04 -4.78625399e-03 8.83063488e-04 8.33943428e-03 -1.18096532e-03 -2.75588362e-03 -6.07653345e-05 -3.20940127e-03 -1.03914108e-03 -1.50268541e-03 2.81609933e-03 1.10106889e-03 8.40854094e-04 5.73393169e-03 -4.19419936e-03 1.03484222e-02 1.76801737e-03 -7.12027199e-04 -9.68411188e-05 -1.03021349e-03 1.22806050e-04 2.04136192e-02 -1.79539925e-03 -2.30138414e-03 -1.34588501e-03 1.66810067e-03 -3.89344542e-04 -6.82609902e-03 1.58295786e-03 8.08033246e-04 1.53670177e-03 -2.19440293e-03 -5.56021121e-04
-5.07031865e-04 -6.39982468e-05 -9.30791733e-05 -1.83921718e-04 -3.17939064e-04 -1.15761218e-04 1.35620545e-03 6.01512459e-04 4.56135495e-04 1.29324025e-03 -7.71141164e-04 1.43921140e-04 1.62743846e-03 2.30655603e-04 1.36711533e-03 -1.19906926e-04 7.35040195e-05 8.65621036e-05 -2.91922907e-04 8.07850243e-05 1.52980039e-03 1.77174527e-02 6.09507492e-04 8.01898022e-05 -3.06026937e-04 1.93543466e-03 2.06353237e-03 -8.87891263e-06 -3.03262008e-04 -1.43538535e-04 1.93182130e-04 1.62332257e-03 -4.18239978e-04 3.39548722e-03 1.92110570e-03 4.75440062e-04 1.40552983e-04 -9.82955129e-04 -1.70076001e-03 -8.29796221e-04 -8.35492042e-04 9.86931269e-04 1.89556546e-03 5.78918932e-04 4.18954408e-04 -3.46099347e-04 2.30782751e-03 -5.96532644e-04 8.80168370e-04 -7.12621028e-04 -1.04578585e-03 5.77799919e-04 -1.05667541e-03 -1.05985935e-03 -2.99020455e-04 -5.76112845e-04 4.10622425e-04 -1.29285348e-03 -1.32143216e-05 -5.36534289e-04 -1.86861054e-03 1.76508138e-04 3.36359914e-03 -6.29751425e-04 -1.70260061e-03 -1.19838999e-05 -1.53050222e-03 -4.66939834e-04 -5.85460817e-04 7.28787270e-04 4.44742288e-04 7.56827486e-04 2.31032120e-03 -9.68895386e-04 4.44709591e-03 8.63738298e-04 -3.11663304e-04 2.00564919e-04 -1.89073247e-04 2.17563980e-04 9.14904054e-03 -7.90518224e-04 -4.93821519e-04 -6.29468524e-05 5.36660049e-04 6.61600786e-06 -2.58215452e-03 -4.73123776e-05 3.82682989e-04 1.55513699e-03 -2.64481762e-03 3.28050243e-04
9.52926981e-05 -2.79672254e-04 -3.93008022e-05 -2.01350943e-04 4.78101096e-04 6.16753408e-05 9.72027252e-04 -8.22256566e-04 9.88574880e-05 4.14994394e-04 -4.54262029e-04 1.44432438e-04 9.25823801e-04 -6.10891418e-05 1.03025325e-03 -8.55625349e-05 -1.16933023e-04 6.86939090e-05 -1.15381134e-04 1.00036956e-04 8.28737942e-04 6.09507492e-04 3.59652443e-02 -1.01283795e-04 -2.19630373e-04 1.18383150e-03 1.01817455e-03 -6.41106137e-05 9.79377859e-05 -2.90599297e-04 -9.22113141e-06 6.67283474e-04 -2.57945728e-04 1.35962249e-03 8.80979433e-04 3.92065968e-05 2.12472316e-04 -8.41838121e-04 -1.18666953e-03 -5.07528760e-05 -4.93449591e-04 4.18767998e-04 5.59177152e-04 6.66946669e-04 1.89372661e-04 -9.75251872e-06 1.16385958e-03 -2.95321430e-04 1.16759099e-04 -3.23239110e-04 -1.63220877e-05 4.76854038e-04 -5.55404847e-04 -4.54895918e-04 -3.12931254e-04 2.31606223e-05 3.30617779e-04 -7.37238632e-04 -7.85943087e-05 -2.95213925e-04 -1.24541846e-03 3.92921993e-04 1.79578776e-03 -3.29941764e-04 -1.01875680e-03 -5.82709076e-05 -9.29680105e-04 -1.82443459e-04 -2.61599747e-04 -8.86879025e-05 6.03606660e-04 3.89016434e-04 1.48875632e-03 -1.42853280e-04 2.42943890e-03 8.23437558e-04 -8.78797483e-05 2.92716563e-04 2.82848366e-04 2.91817000e-04 5.72395281e-03 -6.66988591e-04 -5.91226516e-04 8.47699327e-04 3.53450373e-04 2.30498470e-04 -1.44139759e-03 1.96865253e-04 -6.15748092e-04 7.32566023e-04 -1.60875303e-03 3.09944992e-04
-3.99307280e-04 9.26260434e-05 5.50033406e-05 2.79566892e-05 -5.53153854e-04 -1.99642487e-04 3.11891221e-04 -5.91175148e-04 2.17746903e-04 5.47454404e-04 -1.25263757e-04 -2.45444987e-04 3.86016063e-04 -8.85726668e-05 9.43307567e-05 2.81040299e-05 3.32471008e-04 1.15673065e-04 -1.16146873e-04 1.79208842e-04 -6.84961833e-04 8.01898022e-05 -1.01283795e-04 3.83753373e-02 -3.52183090e-04 -6.18823212e-04 -6.44782773e-04 7.93722597e-05 4.13863083e-05 3.76929480e-05 2.95590866e-04 -4.19362942e-04 2.08293531e-04 -1.62266652e-05 -3.57263371e-04 -9.36625634e-05 5.94987097e-04 3.59470694e-04 -2.88254285e-04 7.34393652e-04 9.10603507e-05 -1.31504799e-04 3.39544434e-04 6.41885657e-05 1.73685211e-05 2.99629328e-04 -4.04838911e-04 2.57617067e-04 -6.54698324e-05 3.68803026e-04 -1.34893178e-04 5.29501339e-04 3.14237181e-04 2.37741062e-05 -6.18634284e-05 -1.91681265e-04 3.30404425e-04 1.45138941e-04 -4.00605346e-04 1.49752496e-04 8.47585598e-04 -2.35369825e-04 -5.99581770e-04 -6.86955332e-05 -2.58134033e-05 -4.44635942e-05 2.59277348e-04 3.81971488e-04 4.12981256e-05 -5.13947834e-04 -1.95691717e-05 1.30209899e-04 -8.96416797e-04 3.26028389e-04 -7.55627479e-04 -2.15855078e-04 1.43705903e-05 2.73338181e-05 1.63217107e-05 -1.25861890e-04 -1.45059806e-03 8.36421754e-04 5.34515238e-04 4.15110821e-04 -1.08083027e-04 1.08938541e-04 7.45154091e-04 -4.96384097e-04 3.51327939e-04 9.46898688e-04 -9.12063525e-04 3.04870521e-04
1.21033091e-03 -1.59664544e-04 2.93208510e-04 1.82417691e-04 3.59381607e-04 1.44098592e-04 -1.51663945e-03 8.20764843e-04 -2.09887576e-03 -1.46141914e-03 3.32248418e-04 3.54188353e-04 -1.00357459e-03 -1.62828744e-04 -4.90815733e-04 1.20635175e-04 -1.06354787e-04 -1.45283909e-04 7.48776556e-05 -2.73849950e-04 4.71686294e-04 -3.06026937e-04 -2.19630373e-04 -3.52183090e-04 3.72980798e-02 -3.67851896e-04 2.01235136e-04 7.09571650e-05 -8.15319578e-05 1.80180137e-04 -7.06437857e-05 1.08813393e-04 2.89399206e-04 -1.10787571e-03 -2.10403020e-04 -3.11934075e-04 -9.63169903e-04 -2.17970315e-04 5.17442119e-04 -4.30328641e-04 2.50503634e-05 -3.50471587e-04 -9.20337879e-04 -3.51896421e-04 -3.79934062e-04 -2.99698526e-05 -7.71938370e-04 -6.87833857e-05 -4.89460165e-04 1.74497196e-04 5.34076527e-04 -5.18033583e-04 6.15356067e-04 8.94975166e-04 7.52703610e-04 4.04562636e-04 -7.48285537e-04 8.92364734e-04 7.76989316e-04 1.72945774e-04 -2.05470108e-04 1.99885546e-04 -3.22186010e-04 2.55792996e-04 1.08748902e-03 2.07266458e-06 7.51484660e-04 2.62032766e-04 7.24812209e-05 1.96438313e-04 -2.09603906e-05 -5.72914050e-04 -5.07675816e-04 -9.65290507e-04 -6.79548613e-04 -1.86137810e-04 -1.73240310e-04 -1.41735616e-04 -4.13182530e-04 -5.19326054e-04 -2.03143138e-03 2.10118318e-04 -1.02715452e-04 -9.53241590e-04 -8.03453532e-05 -1.17154906e-05 1.54801463e-06 8.94252435e-04 -2.60280530e-04 -1.25227855e-03 2.72827937e-03 -5.91085946e-04
-1.13152907e-03 3.67858897e-04 -6.11876494e-04 -5.92927271e-04 -8.03588120e-04 5.07260579e-05 2.67792866e-03 3.50182900e-03 1.63132779e-03 4.16083654e-03 -2.75834441e-04 6.19688760e-04 3.21003412e-03 9.50571922e-04 3.34666630e-03 -5.64009247e-04 -4.14199818e-04 6.13036436e-05 -5.09304110e-04 -8.00504776e-05 5.04510329e-03 1.93543466e-03 1.18383150e-03 -6.18823212e-04 -3.67851896e-04 4.51764472e-02 6.40983914e-03 -3.85636154e-04 -1.07585903e-03 -7.92927648e-04 -2.24664130e-05 5.01962650e-03 -1.53811707e-03 9.07952410e-03 5.66109626e-03 1.32700608e-03 -8.00427848e-04 -3.11139565e-03 -3.09057748e-03 -3.56759176e-03 -2.52798837e-03 2.87204368e-03 4.51500680e-03 7.79958459e-04 1.21724507e-03 -1.35610512e-03 6.76883676e-03 -2.21627711e-03 2.68951199e-03 -2.82836424e-03 -2.92028861e-03 7.73977585e-04 -3.63097229e-03 -2.92545007e-03 -6.56784355e-04 -1.66416348e-03 4.94267025e-05 -3.42642854e-03 5.96059091e-04 -1.77264729e-03 -6.39332993e-03 3.83603684e-04 9.79517204e-03 -1.82928350e-03 -4.39291743e-03 2.39869014e-04 -4.12236582e-03 -1.84138255e-03 -1.92605744e-03 3.18002191e-03 1.15775063e-03 1.72101024e-03 8.98234554e-03 -2.53010598e-03 1.28284239e-02 2.09405173e-03 -9.48084158e-04 5.28291671e-05 -8.85764418e-04 1.97205498e-03 2.74503638e-02 -3.13055313e-03 -2.48506610e-03 -1.25099935e-03 2.01576724e-03 -5.19342740e-04 -7.91227081e-03 7.12665303e-04 2.41604686e-03 2.61693848e-03 -5.45817582e-03 -2.22214004e-05
-4.89593055e-04 3.51523224e-04 -3.75803157e-04 -4.48827407e-04 -8.45233455e-04 7.81069157e-05 2.24414930e-03 4.55338594e-03 9.38668202e-04 2.67407533e-03 -1.63640115e-03 8.43011164e-04 3.34954407e-03 1.03947003e-03 3.41647806e-03 -4.53000976e-04 -2.43009011e-04 1.14979221e-04 -4.50189091e-04 -2.46084560e-04 5.58657191e-03 2.06353237e-03 1.01817455e-03 -6.44782773e-04 2.01235136e-04 6.40983914e-03 3.44633081e-02 -2.14818671e-04 -1.22044814e-03 -3.93026378e-04 1.70298958e-04 5.58013235e-03 -1.39317479e-03 9.51427183e-03 6.20408097e-03 1.53360642e-03 -1.28046820e-03 -3.08454460e-03 -3.14051036e-03 -4.28905293e-03 -2.46589007e-03 3.21765668e-03 4.57558109e-03 7.25053687e-04 1.22531105e-03 -1.41178873e-03 7.12053816e-03 -2.22202225e-03 2.64757838e-03 -2.53499940e-03 -2.81611209e-03 6.39926028e-04 -3.27330274e-03 -2.61163762e-03 -3.47093501e-04 -1.67925231e-03 7.90642044e-05 -3.13794665e-03 1.07319021e-03 -1.73121197e-03 -6.69528433e-03 4.02083043e-04 1.05329397e-02 -1.63317262e-03 -4.02035454e-03 3.08627402e-04 -4.12495778e-03 -1.88830442e-03 -1.81011943e-03 3.74250679e-03 1.08320483e-03 1.60263535e-03 7.75037287e-03 -4.12353616e-03 1.34802143e-02 2.09314395e-03 -1.10782968e-03 6.63641224e-05 -1.14870663e-03 3.69351995e-04 2.69410659e-02 -3.12104543e-03 -2.32271312e-03 -2.01949164e-03 2.27585965e-03 -6.16263275e-04 -8.12706994e-03 7.15390706e-04 1.43665974e-03 2.19917681e-03 -4.80463533e-03 -4.22823106e-05
-8.51497650e-05 -8.03362472e-05 1.96281888e-04 1.16569514e-04 1.66233963e-04 -1.26385184e-04 -2.12534511e-04 1.60896731e-04 -4.51073644e-04 -1.87976480e-04 -1.26311474e-05 5.68576282e-05 -2.26159830e-04 -8.27708512e-05 -2.23027215e-04 9.21067477e-05 3.27275897e-05 9.11403664e-05 -4.34469258e-05 1.11519001e-04 1.09005262e-04 -8.87891263e-06 -6.41106137e-05 7.93722597e-05 7.09571650e-05 -3.85636154e-04 -2.14818671e-04 2.51422220e-02 1.09722635e-04 2.79104373e-04 7.60535461e-05 -6.06173562e-05 1.05931743e-04 5.80750827e-05 -1.30467347e-04 1.22576371e-06 1.76752607e-04 2.43153915e-04 -1.21039817e-04 1.75258300e-04 1.46472917e-04 -5.52081208e-05 -1.79956320e-04 -1.18638930e-05 -2.13776970e-04 9.25328955e-05 1.02217511e-04 1.40334316e-04 9.22636486e-05 2.28275109e-04 6.28892737e-05 -7.93651294e-05 3.56956612e-04 4.13792422e-04 1.60326373e-04 1.16539988e-06 -2.67003244e-05 3.49092007e-04 5.07749437e-05 2.43651617e-04 5.17239243e-04 1.42198483e-04 -2.31225729e-04 8.43119237e-05 1.80597870e-04 -1.13445431e-04 5.28143768e-05 2.51125702e-04 4.82893148e-05 -2.13960454e-04 -7.11796173e-06 -9.15671460e-05 -6.70083954e-04 -2.48866243e-04 -3.89394417e-04 -2.53687849e-05 1.14999482e-04 -1.98835997e-05 2.72319684e-05 -2.09850302e-04 -1.22151439e-03 6.03404179e-04 1.40024986e-04 -5.68435814e-06 -1.85278656e-04 5.89307381e-05 1.84753471e-04 3.63080931e-05 -9.21231225e-05 1.33522193e-04 3.93048208e-04 -6.76818262e-05
